1597021002415: 0,1.3,1.3,1.3,1.3,1.3,22,23,24,
1597021101968: 0,1.3,1.3,1.3,1.3,1.3,22,23,24,
1597021192644: 0,1.3,1.3,1.3,1.3,1.3,22,23,24,
1597021248435: 0,1.3,1.3,1.3,1.3,1.3,22,23,24,
1597021298677: 0,1.3,1.3,1.3,1.3,1.3,22,23,24,
1597021339763: 0,1.3,1.3,1.3,1.3,1.3,22,23,24,
1597021445787: 0,1.3,1.3,1.3,1.3,1.3,22,23,24,
1597021477318: 0,1.3,1.3,1.3,1.3,1.3,22,23,24,
1597021552925: 0,1.3,1.3,1.3,1.3,1.3,22,23,24,
1597021649922: 0,1.3,1.3,1.3,1.3,1.3,22,23,24,
1597021650937: 0,1.3,1.3,1.3,1.3,1.3,22,23,24,
1597021651949: 0,1.3,1.3,1.3,1.3,1.3,22,23,24,
1597021652961: 0,1.3,1.3,1.3,1.3,1.3,22,23,24,
1597021653977: 0,1.3,1.3,1.3,1.3,1.3,22,23,24,
1597021654989: 0,1.3,1.3,1.3,1.3,1.3,22,23,24,
1597021656001: 0,1.3,1.3,1.3,1.3,1.3,22,23,24,
1597021657013: 0,1.3,1.3,1.3,1.3,1.3,22,23,24,
1597021658025: 0,1.3,1.3,1.3,1.3,1.3,22,23,24,
1597021659037: 0,1.3,1.3,1.3,1.3,1.3,22,23,24,
1597021660048: 0,1.3,1.3,1.3,1.3,1.3,22,23,24,
1597021661059: 0,1.3,1.3,1.3,1.3,1.3,22,23,24,
1597021662074: 0,1.3,1.3,1.3,1.3,1.3,22,23,24,
1597021663086: 0,1.3,1.3,1.3,1.3,1.3,22,23,24,
1597021664097: 0,1.3,1.3,1.3,1.3,1.3,22,23,24,
1597021665108: 0,1.3,1.3,1.3,1.3,1.3,22,23,24,
1597021666119: 0,1.3,1.3,1.3,1.3,1.3,22,23,24,
1597021667131: 0,1.3,1.3,1.3,1.3,1.3,22,23,24,
1597021668142: 0,1.3,1.3,1.3,1.3,1.3,22,23,24,
1597021669153: 0,1.3,1.3,1.3,1.3,1.3,22,23,24,
1597021670163: 0,1.3,1.3,1.3,1.3,1.3,22,23,24,
1597021671174: 0,1.3,1.3,1.3,1.3,1.3,22,23,24,
1597021750497: 0,1.3,1.3,1.3,1.3,1.3,22,23,24,
1597021751509: 0,1.3,1.3,1.3,1.3,1.3,22,23,24,
1597021752519: 0,1.3,1.3,1.3,1.3,1.3,22,23,24,
1597021753531: 0,1.3,1.3,1.3,1.3,1.3,22,23,24,
1597021754542: 0,1.3,1.3,1.3,1.3,1.3,22,23,24,
1597021755554: 0,1.3,1.3,1.3,1.3,1.3,22,23,24,
1597021756566: 0,1.3,1.3,1.3,1.3,1.3,22,23,24,
1597021757577: 0,1.3,1.3,1.3,1.3,1.3,22,23,24,
1597021758589: 0,1.3,1.3,1.3,1.3,1.3,22,23,24,
1597021759600: 0,1.3,1.3,1.3,1.3,1.3,22,23,24,
1597021760612: 0,1.3,1.3,1.3,1.3,1.3,22,23,24,
1597021761624: 0,1.3,1.3,1.3,1.3,1.3,22,23,24,
1597021762636: 0,1.3,1.3,1.3,1.3,1.3,22,23,24,
1597021763649: 0,1.3,1.3,1.3,1.3,1.3,22,23,24,
1597021764660: 0,1.3,1.3,1.3,1.3,1.3,22,23,24,
1597021765672: 0,1.3,1.3,1.3,1.3,1.3,22,23,24,
1597021766685: 0,1.3,1.3,1.3,1.3,1.3,22,23,24,
1597021767698: 0,1.3,1.3,1.3,1.3,1.3,22,23,24,
1597021768710: 0,1.3,1.3,1.3,1.3,1.3,22,23,24,
1597021769723: 0,1.3,1.3,1.3,1.3,1.3,22,23,24,
1597021770736: 0,1.3,1.3,1.3,1.3,1.3,22,23,24,
1597021771749: 0,1.3,1.3,1.3,1.3,1.3,22,23,24,
1597021772761: 0,1.3,1.3,1.3,1.3,1.3,22,23,24,
1597021773774: 0,1.3,1.3,1.3,1.3,1.3,22,23,24,
1597021774787: 0,1.3,1.3,1.3,1.3,1.3,22,23,24,
1597021775801: 0,1.3,1.3,1.3,1.3,1.3,22,23,24,
1597021776815: 0,1.3,1.3,1.3,1.3,1.3,22,23,24,
1597021777829: 0,1.3,1.3,1.3,1.3,1.3,22,23,24,
1597021778844: 0,1.3,1.3,1.3,1.3,1.3,22,23,24,
1597021779859: 0,1.3,1.3,1.3,1.3,1.3,22,23,24,
1597021780873: 0,1.3,1.3,1.3,1.3,1.3,22,23,24,
1597021781887: 0,1.3,1.3,1.3,1.3,1.3,22,23,24,
1597021782902: 0,1.3,1.3,1.3,1.3,1.3,22,23,24,
1597021783917: 0,1.3,1.3,1.3,1.3,1.3,22,23,24,
1597021784931: 0,1.3,1.3,1.3,1.3,1.3,22,23,24,
1597021785946: 0,1.3,1.3,1.3,1.3,1.3,22,23,24,
1597021786960: 0,1.3,1.3,1.3,1.3,1.3,22,23,24,
1597021787975: 0,1.3,1.3,1.3,1.3,1.3,22,23,24,
1597021788991: 0,1.3,1.3,1.3,1.3,1.3,22,23,24,
1597021790006: 0,1.3,1.3,1.3,1.3,1.3,22,23,24,
1597021791021: 0,1.3,1.3,1.3,1.3,1.3,22,23,24,
1597021792035: 0,1.3,1.3,1.3,1.3,1.3,22,23,24,
1597021793050: 0,1.3,1.3,1.3,1.3,1.3,22,23,24,
1597021885757: 0,1.3,1.3,1.3,1.3,1.3,22,23,24,
1597021886770: 0,1.3,1.3,1.3,1.3,1.3,22,23,24,
1597021887783: 0,1.3,1.3,1.3,1.3,1.3,22,23,24,
1597021888797: 0,1.3,1.3,1.3,1.3,1.3,22,23,24,
1597021889809: 0,1.3,1.3,1.3,1.3,1.3,22,23,24,
1597021890823: 0,1.3,1.3,1.3,1.3,1.3,22,23,24,
1597021891835: 0,1.3,1.3,1.3,1.3,1.3,22,23,24,
1597021892848: 0,1.3,1.3,1.3,1.3,1.3,22,23,24,
1597021893860: 0,1.3,1.3,1.3,1.3,1.3,22,23,24,
1597021894872: 0,1.3,1.3,1.3,1.3,1.3,22,23,24,
1597021895884: 0,1.3,1.3,1.3,1.3,1.3,22,23,24,
1597021896896: 0,1.3,1.3,1.3,1.3,1.3,22,23,24,
1597021897907: 0,1.3,1.3,1.3,1.3,1.3,22,23,24,
1597021898918: 0,1.3,1.3,1.3,1.3,1.3,22,23,24,
1597021932785: 0,1.3,1.3,1.3,1.3,1.3,22,23,24,
1597021933798: 0,1.3,1.3,1.3,1.3,1.3,22,23,24,
1597021934810: 0,1.3,1.3,1.3,1.3,1.3,22,23,24,
1597021935823: 0,1.3,1.3,1.3,1.3,1.3,22,23,24,
1597021936835: 0,1.3,1.3,1.3,1.3,1.3,22,23,24,
1597021937848: 0,1.3,1.3,1.3,1.3,1.3,22,23,24,
1597021938859: 0,1.3,1.3,1.3,1.3,1.3,22,23,24,
1597021939872: 0,1.3,1.3,1.3,1.3,1.3,22,23,24,
1597021940883: 0,1.3,1.3,1.3,1.3,1.3,22,23,24,
1597021941896: 0,1.3,1.3,1.3,1.3,1.3,22,23,24,
1597021942908: 0,1.3,1.3,1.3,1.3,1.3,22,23,24,
1597021943921: 0,1.3,1.3,1.3,1.3,1.3,22,23,24,
1597021944931: 0,1.3,1.3,1.3,1.3,1.3,22,23,24,
1597021945943: 0,1.3,1.3,1.3,1.3,1.3,22,23,24,
1597021946954: 0,1.3,1.3,1.3,1.3,1.3,22,23,24,
1597021947965: 0,1.3,1.3,1.3,1.3,1.3,22,23,24,
1597021948975: 0,1.3,1.3,1.3,1.3,1.3,22,23,24,
1597021949987: 0,1.3,1.3,1.3,1.3,1.3,22,23,24,
1597021950997: 0,1.3,1.3,1.3,1.3,1.3,22,23,24,
1597021952008: 0,1.3,1.3,1.3,1.3,1.3,22,23,24,
1597022105484: 0,1.3,1.3,1.3,1.3,1.3,22,23,24,
1597022106495: 0,1.3,1.3,1.3,1.3,1.3,22,23,24,
1597022107504: 0,1.3,1.3,1.3,1.3,1.3,22,23,24,
1597022108516: 0,1.3,1.3,1.3,1.3,1.3,22,23,24,
1597022109526: 0,1.3,1.3,1.3,1.3,1.3,22,23,24,
1597022110538: 0,1.3,1.3,1.3,1.3,1.3,22,23,24,
1597022111549: 0,1.3,1.3,1.3,1.3,1.3,22,23,24,
1597022124575: 0,1.3,1.3,1.3,1.3,1.3,22,23,24,
1597022125588: 0,1.3,1.3,1.3,1.3,1.3,22,23,24,
1597022126599: 0,1.3,1.3,1.3,1.3,1.3,22,23,24,
1597022127613: 0,1.3,1.3,1.3,1.3,1.3,22,23,24,
1597022128625: 0,1.3,1.3,1.3,1.3,1.3,22,23,24,
1597022182735: 0,1.3,1.3,1.3,1.3,1.3,22,23,24,
1597022183747: 0,1.3,1.3,1.3,1.3,1.3,22,23,24,
1597022184758: 0,1.3,1.3,1.3,1.3,1.3,22,23,24,
1597022185771: 0,1.3,1.3,1.3,1.3,1.3,22,23,24,
1597022186783: 0,1.3,1.3,1.3,1.3,1.3,22,23,24,
1597022359254: 0,1.3,1.3,1.3,1.3,1.3,22,23,24,
1597022360269: 0,1.3,1.3,1.3,1.3,1.3,22,23,24,
1597022361283: 0,1.3,1.3,1.3,1.3,1.3,22,23,24,
1597022362299: 0,1.3,1.3,1.3,1.3,1.3,22,23,24,
1597022363315: 0,1.3,1.3,1.3,1.3,1.3,22,23,24,
1597024375668: 0,1.3,1.3,1.3,1.3,1.3,22,23,24,
1597024376680: 0,1.3,1.3,1.3,1.3,1.3,22,23,24,
1597024377691: 0,1.3,1.3,1.3,1.3,1.3,22,23,24,
1597024378702: 0,1.3,1.3,1.3,1.3,1.3,22,23,24,
1597024379714: 0,1.3,1.3,1.3,1.3,1.3,22,23,24,
1597024478654: 0,1.3,1.3,1.3,1.3,1.3,22,23,24,
1597024479664: 0,1.3,1.3,1.3,1.3,1.3,22,23,24,
1597024480675: 0,1.3,1.3,1.3,1.3,1.3,22,23,24,
1597024481686: 0,1.3,1.3,1.3,1.3,1.3,22,23,24,
1597024482697: 0,1.3,1.3,1.3,1.3,1.3,22,23,24,
1597024681150: 0,1.3,1.3,1.3,1.3,1.3,22,23,24,
1597024682161: 0,1.3,1.3,1.3,1.3,1.3,22,23,24,
1597024683171: 0,1.3,1.3,1.3,1.3,1.3,22,23,24,
1597024684183: 0,1.3,1.3,1.3,1.3,1.3,22,23,24,
1597024685193: 0,1.3,1.3,1.3,1.3,1.3,22,23,24,
1597024712554: 0,1.3,1.3,1.3,1.3,1.3,22,23,24,
1597024713567: 0,1.3,1.3,1.3,1.3,1.3,22,23,24,
1597024714576: 0,1.3,1.3,1.3,1.3,1.3,22,23,24,
1597024715587: 0,1.3,1.3,1.3,1.3,1.3,22,23,24,
1597024716598: 0,1.3,1.3,1.3,1.3,1.3,22,23,24,
1597024761181: 0,1.3,1.3,1.3,1.3,1.3,22,23,24,
1597024762191: 0,1.3,1.3,1.3,1.3,1.3,22,23,24,
1597024763202: 0,1.3,1.3,1.3,1.3,1.3,22,23,24,
1597024764214: 0,1.3,1.3,1.3,1.3,1.3,22,23,24,
1597024765225: 0,1.3,1.3,1.3,1.3,1.3,22,23,24,
1597025413662: 0,1.3,1.3,1.3,1.3,1.3,22,23,24,
1597025414676: 0,1.3,1.3,1.3,1.3,1.3,22,23,24,
1597025415688: 0,1.3,1.3,1.3,1.3,1.3,22,23,24,
1597025416702: 0,1.3,1.3,1.3,1.3,1.3,22,23,24,
1597025417715: 0,1.3,1.3,1.3,1.3,1.3,22,23,24,
1597025431911: 0,1.3,1.3,1.3,1.3,1.3,22,23,24,
1597025432927: 0,1.3,1.3,1.3,1.3,1.3,22,23,24,
1597025433940: 0,1.3,1.3,1.3,1.3,1.3,22,23,24,
1597025434957: 0,1.3,1.3,1.3,1.3,1.3,22,23,24,
1597025435972: 0,1.3,1.3,1.3,1.3,1.3,22,23,24,
1597025649032: 0,1.3,1.3,1.3,1.3,1.3,22,23,24,
1597025650047: 0,1.3,1.3,1.3,1.3,1.3,22,23,24,
1597025651060: 0,1.3,1.3,1.3,1.3,1.3,22,23,24,
1597025652075: 0,1.3,1.3,1.3,1.3,1.3,22,23,24,
1597025653090: 0,1.3,1.3,1.3,1.3,1.3,22,23,24,
