1, 1601575100, 4, 3, 0.0, 0.0, 21.5, 38.5, 26.05388069152832, 23.125, 22.75, 3.7969720363616943, 0.421142578125, 1.2937310934066772, 0.06256103515625, 0.030517578125, 0.23193359375, 0.00732421875, 0.0018310548039153218, 0.0018310548039153218, 0.00732421875, 0.0018310548039153218, 0.0018310548039153218, 0.26611328125, 0.0018310548039153218
1, 1601576642, 4, 5, 0.0008056640508584678, 0.0, 21.75, 32.0, 25.88195037841797, 22.5, 22.25, 3.8741748332977295, 0.35400390625, 4.363125324249268, 0.55694580078125, 0.030517578125, 0.189208984375, 0.00732421875, 0.0018310548039153218, 0.0018310548039153218, 0.00732421875, 0.0018310548039153218, 0.0018310548039153218, 0.00732421875, 0.0018310548039153218
1, 1601576762, 4, 5, 0.0, 0.0, 21.625, 32.0, 26.225811004638672, 22.6875, 22.375, 3.881193161010742, 0.3173828125, 4.372483253479004, 0.55694580078125, 0.030517578125, 0.1627604216337204, 0.009765625, 0.0018310548039153218, 0.0018310548039153218, 0.00732421875, 0.0018310548039153218, 0.0018310548039153218, 0.009765625, 0.0018310548039153218
1, 1601576882, 4, 5, 0.0, 0.0, 21.5, 32.599998474121094, 26.569671630859375, 22.875, 22.5, 3.883532762527466, 0.3265380859375, 4.372483253479004, 0.55694580078125, 0.030517578125, 0.1688639372587204, 0.009765625, 0.0018310548039153218, 0.0018310548039153218, 0.009765625, 0.0018310548039153218, 0.0018310548039153218, 0.00732421875, 0.0018310548039153218
1, 1601577002, 4, 5, 0.0, 0.0, 21.5, 33.599998474121094, 26.741601943969727, 23.0, 22.6875, 3.8858721256256104, 0.323486328125, 4.374823093414307, 0.55694580078125, 0.030517578125, 0.1668294221162796, 0.00732421875, 0.0018310548039153218, 0.0018310548039153218, 0.00732421875, 0.0018310548039153218, 0.0018310548039153218, 0.00732421875, 0.0018310548039153218
1, 1601577122, 4, 5, 0.0008056640508584678, 0.0, 21.4375, 32.599998474121094, 26.741601943969727, 23.0625, 22.75, 3.8905510902404785, 0.3173828125, 4.377162456512451, 0.555419921875, 0.030517578125, 0.164794921875, 0.00732421875, 0.0018310548039153218, 0.0018310548039153218, 0.00732421875, 0.0018310548039153218, 0.0018310548039153218, 0.00732421875, 0.0024414064828306437
1, 1601577242, 4, 5, 0.0, 0.0, 21.4375, 33.099998474121094, 26.913530349731445, 23.1875, 22.875, 3.892890453338623, 0.3265380859375, 4.379501819610596, 0.55694580078125, 0.030517578125, 0.1688639372587204, 0.009765625, 0.0018310548039153218, 0.0018310548039153218, 0.00732421875, 0.0018310548039153218, 0.0018310548039153218, 0.00732421875, 0.0018310548039153218
1, 1601577482, 4, 5, 0.0, 0.0, 21.4375, 32.599998474121094, 26.913530349731445, 23.3125, 23.0, 3.897569417953491, 0.3173828125, 4.38184118270874, 0.55694580078125, 0.0325520820915699, 0.164794921875, 0.00732421875, 0.0018310548039153218, 0.0018310548039153218, 0.009765625, 0.0018310548039153218, 0.0024414064828306437, 0.00732421875, 0.0018310548039153218
1, 1601577602, 4, 5, 0.0, 0.0, 21.4375, 32.599998474121094, 27.085460662841797, 23.375, 23.0625, 3.899909019470215, 0.323486328125, 4.38184118270874, 0.55694580078125, 0.0325520820915699, 0.1688639372587204, 0.00732421875, 0.0018310548039153218, 0.0018310548039153218, 0.00732421875, 0.0018310548039153218, 0.0018310548039153218, 0.00732421875, 0.0018310548039153218
1, 1601577722, 4, 5, 0.0019335937686264515, 0.0, 21.375, 32.599998474121094, 27.085460662841797, 23.4375, 23.125, 3.843761444091797, 0.3204345703125, 4.3865203857421875, 0.555419921875, 0.030517578125, 0.1668294221162796, 0.00732421875, 0.0018310548039153218, 0.0018310548039153218, 0.00732421875, 0.0018310548039153218, 0.0018310548039153218, 0.00732421875, 0.0018310548039153218
1, 1601577843, 4, 5, 0.0019335937686264515, 0.0, 21.375, 32.599998474121094, 27.085460662841797, 23.5, 23.125, 3.9069273471832275, 0.3173828125, 4.3865203857421875, 0.555419921875, 0.030517578125, 0.164794921875, 0.00732421875, 0.0018310548039153218, 0.0018310548039153218, 0.00732421875, 0.0018310548039153218, 0.0018310548039153218, 0.00732421875, 0.0018310548039153218
1, 1601577963, 4, 5, 0.0, 0.0, 21.375, 32.599998474121094, 27.25739097595215, 23.5, 23.1875, 3.909266948699951, 0.323486328125, 4.388859748840332, 0.55694580078125, 0.030517578125, 0.1688639372587204, 0.00732421875, 0.0018310548039153218, 0.0018310548039153218, 0.00732421875, 0.0018310548039153218, 0.0018310548039153218, 0.00732421875, 0.0018310548039153218
1, 1601578203, 4, 5, 0.0, 0.0, 21.375, 32.599998474121094, 27.085460662841797, 23.5625, 23.25, 3.916285276412964, 0.3173828125, 4.393538951873779, 0.55694580078125, 0.030517578125, 0.1668294221162796, 0.009765625, 0.0018310548039153218, 0.0018310548039153218, 0.00732421875, 0.0018310548039153218, 0.0018310548039153218, 0.00732421875, 0.0018310548039153218
1, 1601578323, 4, 5, 0.0004833984421566129, 0.0, 21.3125, 32.0, 27.085460662841797, 23.5625, 23.25, 3.920964241027832, 0.323486328125, 4.393538951873779, 0.55694580078125, 0.0325520820915699, 0.1688639372587204, 0.00732421875, 0.0018310548039153218, 0.0018310548039153218, 0.00732421875, 0.0018310548039153218, 0.0018310548039153218, 0.009765625, 0.0018310548039153218
1, 1601578443, 4, 5, 0.0, 0.0, 21.3125, 32.599998474121094, 27.085460662841797, 23.5625, 23.25, 3.9256432056427, 0.3143310546875, 4.395878314971924, 0.555419921875, 0.030517578125, 0.1627604216337204, 0.00732421875, 0.0018310548039153218, 0.0018310548039153218, 0.00732421875, 0.0024414064828306437, 0.0018310548039153218, 0.009765625, 0.0018310548039153218
1, 1601578563, 4, 5, 0.0004833984421566129, 0.0, 21.3125, 32.599998474121094, 27.085460662841797, 23.5625, 23.25, 3.9256432056427, 0.35400390625, 4.398217678070068, 0.555419921875, 0.030517578125, 0.189208984375, 0.00732421875, 0.0018310548039153218, 0.0018310548039153218, 0.00732421875, 0.0018310548039153218, 0.0018310548039153218, 0.00732421875, 0.0018310548039153218
1, 1601578683, 4, 5, 0.0, 0.0, 21.25, 32.0, 27.085460662841797, 23.5625, 23.25, 3.932661771774292, 0.3173828125, 4.398217678070068, 0.55694580078125, 0.030517578125, 0.1668294221162796, 0.009765625, 0.0018310548039153218, 0.0018310548039153218, 0.009765625, 0.0018310548039153218, 0.0018310548039153218, 0.00732421875, 0.0018310548039153218
1, 1601578803, 4, 5, 0.0, 0.0, 21.25, 32.599998474121094, 27.085460662841797, 23.5625, 23.25, 3.93734073638916, 0.3173828125, 4.398217678070068, 0.555419921875, 0.030517578125, 0.164794921875, 0.00732421875, 0.0024414064828306437, 0.0018310548039153218, 0.00732421875, 0.0018310548039153218, 0.0018310548039153218, 0.00732421875, 0.0018310548039153218
1, 1601579044, 4, 5, 0.0011279296595603228, 0.0, 21.25, 32.599998474121094, 27.25739097595215, 23.5625, 23.25, 3.9420197010040283, 0.3204345703125, 4.400557041168213, 0.55389404296875, 0.0325520820915699, 0.1688639372587204, 0.00732421875, 0.0018310548039153218, 0.0018310548039153218, 0.00732421875, 0.0018310548039153218, 0.0018310548039153218, 0.00732421875, 0.0018310548039153218
1, 1601579164, 4, 5, 0.0004833984421566129, 0.0, 21.25, 32.599998474121094, 27.085460662841797, 23.5625, 23.25, 3.944359064102173, 0.3143310546875, 4.402896881103516, 0.555419921875, 0.030517578125, 0.1627604216337204, 0.00732421875, 0.0018310548039153218, 0.0018310548039153218, 0.00732421875, 0.0018310548039153218, 0.0018310548039153218, 0.00732421875, 0.0018310548039153218
1, 1601579284, 4, 5, 0.0, 0.0, 21.1875, 32.599998474121094, 27.085460662841797, 23.5625, 23.25, 3.9466984272003174, 0.3204345703125, 4.402896881103516, 0.555419921875, 0.030517578125, 0.1688639372587204, 0.00732421875, 0.0018310548039153218, 0.0018310548039153218, 0.00732421875, 0.0018310548039153218, 0.0018310548039153218, 0.009765625, 0.0018310548039153218
1, 1601579404, 4, 5, 0.0016113281017169356, 0.0, 21.0625, 32.599998474121094, 22.443349838256836, 23.5625, 23.1875, 3.949038028717041, 0.3173828125, 4.402896881103516, 0.555419921875, 0.030517578125, 0.1688639372587204, 0.00732421875, 0.0018310548039153218, 0.0018310548039153218, 0.00732421875, 0.0018310548039153218, 0.0018310548039153218, 0.00732421875, 0.0018310548039153218
1, 1601579644, 4, 5, 0.0011279296595603228, 0.0, 21.0625, 32.0, 27.085460662841797, 23.5, 23.125, 3.9513773918151855, 0.3204345703125, 4.40523624420166, 0.555419921875, 0.030517578125, 0.1688639372587204, 0.00732421875, 0.0018310548039153218, 0.0018310548039153218, 0.00732421875, 0.0018310548039153218, 0.0018310548039153218, 0.00732421875, 0.0018310548039153218
1, 1601579764, 4, 5, 0.0, 0.0, 21.0, 32.599998474121094, 27.085460662841797, 23.4375, 23.125, 3.953716993331909, 0.323486328125, 4.40523624420166, 0.555419921875, 0.030517578125, 0.1688639372587204, 0.00732421875, 0.0018310548039153218, 0.0018310548039153218, 0.00732421875, 0.0018310548039153218, 0.0018310548039153218, 0.00732421875, 0.0018310548039153218
1, 1601579884, 4, 5, 0.0, 0.0, 21.0625, 32.599998474121094, 26.913530349731445, 23.4375, 23.125, 3.9583959579467773, 0.311279296875, 4.407575607299805, 0.55389404296875, 0.030517578125, 0.164794921875, 0.00732421875, 0.0018310548039153218, 0.0018310548039153218, 0.00732421875, 0.0018310548039153218, 0.0018310548039153218, 0.00732421875, 0.0018310548039153218
1, 1601580004, 4, 5, 0.0012890625512227416, 0.0, 21.0625, 32.599998474121094, 26.913530349731445, 23.4375, 23.125, 3.9583959579467773, 0.3204345703125, 4.409914970397949, 0.55389404296875, 0.030517578125, 0.1688639372587204, 0.00732421875, 0.0018310548039153218, 0.0018310548039153218, 0.00732421875, 0.0018310548039153218, 0.0018310548039153218, 0.00732421875, 0.0018310548039153218
1, 1601580245, 4, 5, 0.0, 0.0, 21.0625, 32.0, 26.913530349731445, 23.4375, 23.0625, 3.9630749225616455, 0.311279296875, 4.409914970397949, 0.55389404296875, 0.030517578125, 0.1627604216337204, 0.00732421875, 0.0018310548039153218, 0.0018310548039153218, 0.00732421875, 0.0018310548039153218, 0.0018310548039153218, 0.00732421875, 0.0018310548039153218
1, 1601580365, 4, 5, 0.0, 0.0, 21.0625, 32.599998474121094, 27.085460662841797, 23.4375, 23.0625, 3.9630749225616455, 0.3173828125, 4.409914970397949, 0.55389404296875, 0.030517578125, 0.1668294221162796, 0.00732421875, 0.0018310548039153218, 0.0018310548039153218, 0.00732421875, 0.0018310548039153218, 0.0018310548039153218, 0.00732421875, 0.0018310548039153218
1, 1601580485, 4, 5, 0.0, 0.0, 21.0625, 32.599998474121094, 26.913530349731445, 23.375, 23.0625, 3.96541428565979, 0.311279296875, 4.409914970397949, 0.555419921875, 0.030517578125, 0.164794921875, 0.00732421875, 0.0018310548039153218, 0.0018310548039153218, 0.00732421875, 0.0018310548039153218, 0.0018310548039153218, 0.00732421875, 0.0018310548039153218
1, 1601580605, 4, 5, 0.0, 0.0, 21.0625, 32.599998474121094, 27.085460662841797, 23.375, 23.0625, 3.9677538871765137, 0.3173828125, 4.412254333496094, 0.555419921875, 0.030517578125, 0.1668294221162796, 0.00732421875, 0.0018310548039153218, 0.0018310548039153218, 0.00732421875, 0.0018310548039153218, 0.0018310548039153218, 0.00732421875, 0.0018310548039153218
1, 1601580725, 4, 5, 0.0, 0.0, 21.0, 33.099998474121094, 27.085460662841797, 23.375, 23.0625, 3.9677538871765137, 0.3173828125, 4.412254333496094, 0.555419921875, 0.030517578125, 0.1688639372587204, 0.00732421875, 0.0018310548039153218, 0.0018310548039153218, 0.00732421875, 0.0018310548039153218, 0.0018310548039153218, 0.00732421875, 0.0018310548039153218
1, 1601580845, 4, 5, 0.0016113281017169356, 0.0, 21.0, 32.599998474121094, 27.085460662841797, 23.375, 23.0625, 3.972432851791382, 0.311279296875, 4.412254333496094, 0.55389404296875, 0.030517578125, 0.1627604216337204, 0.009765625, 0.0018310548039153218, 0.0018310548039153218, 0.00732421875, 0.0018310548039153218, 0.0018310548039153218, 0.00732421875, 0.0018310548039153218
1, 1601580965, 4, 5, 0.0, 0.0, 21.0625, 32.0, 27.085460662841797, 23.375, 23.0625, 3.972432851791382, 0.3173828125, 4.412254333496094, 0.55389404296875, 0.030517578125, 0.1688639372587204, 0.009765625, 0.0018310548039153218, 0.0018310548039153218, 0.00732421875, 0.0018310548039153218, 0.0018310548039153218, 0.00732421875, 0.0018310548039153218
1, 1601581205, 4, 5, 0.0004833984421566129, 0.0, 21.0625, 32.599998474121094, 27.085460662841797, 23.375, 23.0625, 3.97711181640625, 0.311279296875, 4.412254333496094, 0.55389404296875, 0.030517578125, 0.164794921875, 0.00732421875, 0.0018310548039153218, 0.0018310548039153218, 0.00732421875, 0.0018310548039153218, 0.0018310548039153218, 0.00732421875, 0.0018310548039153218
1, 1601581326, 4, 5, 0.0, 0.0, 21.0625, 32.0, 26.913530349731445, 23.375, 23.0625, 3.97711181640625, 0.3173828125, 4.412254333496094, 0.5523681640625, 0.030517578125, 0.1688639372587204, 0.00732421875, 0.0018310548039153218, 0.0018310548039153218, 0.00732421875, 0.0018310548039153218, 0.0018310548039153218, 0.00732421875, 0.0018310548039153218
1, 1601581446, 4, 5, 0.0008056640508584678, 0.0, 21.0, 32.0, 26.913530349731445, 23.375, 23.0625, 3.9794511795043945, 0.3204345703125, 4.412254333496094, 0.55389404296875, 0.030517578125, 0.1688639372587204, 0.009765625, 0.0018310548039153218, 0.0018310548039153218, 0.00732421875, 0.0018310548039153218, 0.0024414064828306437, 0.00732421875, 0.0018310548039153218
1, 1601581566, 4, 5, 0.0016113281017169356, 0.0, 21.0, 32.599998474121094, 26.913530349731445, 23.375, 23.0, 3.9841301441192627, 0.3082275390625, 4.4145941734313965, 0.55389404296875, 0.030517578125, 0.1627604216337204, 0.00732421875, 0.0018310548039153218, 0.0018310548039153218, 0.00732421875, 0.0018310548039153218, 0.0018310548039153218, 0.00732421875, 0.0018310548039153218
1, 1601581686, 4, 5, 0.0, 0.0, 21.0, 32.599998474121094, 26.913530349731445, 23.375, 23.0, 3.9841301441192627, 0.3173828125, 4.4145941734313965, 0.55389404296875, 0.030517578125, 0.1688639372587204, 0.00732421875, 0.0018310548039153218, 0.0018310548039153218, 0.00732421875, 0.0018310548039153218, 0.0018310548039153218, 0.00732421875, 0.0018310548039153218
1, 1601581806, 4, 5, 0.0, 0.0, 21.0, 31.5, 26.913530349731445, 23.375, 23.0, 3.9841301441192627, 0.3143310546875, 4.4145941734313965, 0.55389404296875, 0.030517578125, 0.1668294221162796, 0.00732421875, 0.0018310548039153218, 0.0018310548039153218, 0.00732421875, 0.0018310548039153218, 0.0024414064828306437, 0.00732421875, 0.0018310548039153218
1, 1601581926, 4, 5, 0.0, 0.0, 21.0, 32.599998474121094, 26.913530349731445, 23.3125, 23.0, 3.9864697456359863, 0.3143310546875, 4.4145941734313965, 0.55389404296875, 0.030517578125, 0.1668294221162796, 0.00732421875, 0.0018310548039153218, 0.0018310548039153218, 0.009765625, 0.0018310548039153218, 0.0018310548039153218, 0.00732421875, 0.0018310548039153218
1, 1601582046, 4, 5, 0.0001611328189028427, 0.0, 21.0, 32.599998474121094, 26.913530349731445, 23.3125, 23.0, 3.988809108734131, 0.3143310546875, 4.4145941734313965, 0.55389404296875, 0.030517578125, 0.1668294221162796, 0.00732421875, 0.0018310548039153218, 0.0018310548039153218, 0.00732421875, 0.0018310548039153218, 0.0018310548039153218, 0.00732421875, 0.0018310548039153218
1, 1601582166, 4, 5, 0.0, 0.0, 20.9375, 32.599998474121094, 26.913530349731445, 23.3125, 23.0, 3.993488073348999, 0.311279296875, 4.416933536529541, 0.5523681640625, 0.030517578125, 0.164794921875, 0.00732421875, 0.0018310548039153218, 0.0018310548039153218, 0.00732421875, 0.0018310548039153218, 0.0018310548039153218, 0.00732421875, 0.0024414064828306437
1, 1601582286, 4, 5, 0.0, 0.0, 20.9375, 32.599998474121094, 26.913530349731445, 23.3125, 23.0, 3.993488073348999, 0.3143310546875, 4.416933536529541, 0.55389404296875, 0.030517578125, 0.1688639372587204, 0.00732421875, 0.0018310548039153218, 0.0018310548039153218, 0.00732421875, 0.0018310548039153218, 0.0018310548039153218, 0.00732421875, 0.0018310548039153218
1, 1601582407, 4, 5, 0.0014501953264698386, 0.0, 20.9375, 32.599998474121094, 26.913530349731445, 23.3125, 22.9375, 3.993488073348999, 0.3173828125, 4.416933536529541, 0.55389404296875, 0.030517578125, 0.1688639372587204, 0.00732421875, 0.0018310548039153218, 0.0018310548039153218, 0.009765625, 0.0018310548039153218, 0.0018310548039153218, 0.00732421875, 0.0018310548039153218
1, 1601582527, 4, 5, 0.0, 0.0, 20.9375, 32.599998474121094, 26.741601943969727, 23.25, 22.9375, 3.998167037963867, 0.3082275390625, 4.416933536529541, 0.5523681640625, 0.030517578125, 0.1627604216337204, 0.00732421875, 0.0018310548039153218, 0.0018310548039153218, 0.00732421875, 0.0018310548039153218, 0.0018310548039153218, 0.00732421875, 0.0018310548039153218
1, 1601582647, 4, 5, 0.0001611328189028427, 0.0, 20.875, 32.599998474121094, 26.741601943969727, 23.25, 22.9375, 3.998167037963867, 0.3173828125, 4.416933536529541, 0.5523681640625, 0.030517578125, 0.1688639372587204, 0.00732421875, 0.0018310548039153218, 0.0018310548039153218, 0.00732421875, 0.0018310548039153218, 0.0018310548039153218, 0.00732421875, 0.0018310548039153218
1, 1601582767, 4, 5, 0.0, 0.0, 20.875, 32.0, 26.741601943969727, 23.25, 22.9375, 4.000506401062012, 0.3143310546875, 4.416933536529541, 0.5523681640625, 0.0325520820915699, 0.1688639372587204, 0.00732421875, 0.0018310548039153218, 0.0018310548039153218, 0.00732421875, 0.0018310548039153218, 0.0024414064828306437, 0.00732421875, 0.0018310548039153218
1, 1601582887, 4, 5, 0.0016113281017169356, 0.0, 20.875, 32.599998474121094, 26.913530349731445, 23.1875, 22.875, 4.002845764160156, 0.311279296875, 4.4192728996276855, 0.55084228515625, 0.030517578125, 0.164794921875, 0.009765625, 0.0024414064828306437, 0.0018310548039153218, 0.00732421875, 0.0018310548039153218, 0.0018310548039153218, 0.00732421875, 0.0018310548039153218
1, 1601583007, 4, 5, 0.0012890625512227416, 0.0, 20.875, 32.599998474121094, 26.741601943969727, 23.1875, 22.875, 4.005185604095459, 0.3143310546875, 4.416933536529541, 0.5523681640625, 0.030517578125, 0.1688639372587204, 0.00732421875, 0.0018310548039153218, 0.0018310548039153218, 0.00732421875, 0.0018310548039153218, 0.0018310548039153218, 0.00732421875, 0.0018310548039153218
1, 1601583127, 4, 5, 0.0, 0.0, 20.875, 32.599998474121094, 26.913530349731445, 23.1875, 22.875, 4.005185604095459, 0.3143310546875, 4.416933536529541, 0.5523681640625, 0.030517578125, 0.1688639372587204, 0.00732421875, 0.0018310548039153218, 0.0018310548039153218, 0.00732421875, 0.0018310548039153218, 0.0018310548039153218, 0.00732421875, 0.0018310548039153218
1, 1601583247, 4, 5, 0.0, 0.0, 20.875, 32.0, 26.741601943969727, 23.1875, 22.875, 4.009864330291748, 0.3082275390625, 4.4192728996276855, 0.5523681640625, 0.030517578125, 0.164794921875, 0.00732421875, 0.0018310548039153218, 0.0018310548039153218, 0.00732421875, 0.0018310548039153218, 0.0018310548039153218, 0.00732421875, 0.0018310548039153218
1, 1601583367, 4, 5, 0.0019335937686264515, 0.0, 20.875, 32.599998474121094, 26.741601943969727, 23.1875, 22.875, 4.009864330291748, 0.3173828125, 4.4192728996276855, 0.5523681640625, 0.030517578125, 0.1688639372587204, 0.00732421875, 0.0018310548039153218, 0.0018310548039153218, 0.00732421875, 0.0018310548039153218, 0.0018310548039153218, 0.00732421875, 0.0018310548039153218
1, 1601583487, 4, 5, 0.0, 0.0, 20.875, 32.0, 26.741601943969727, 23.1875, 22.875, 4.012203693389893, 0.311279296875, 4.42161226272583, 0.5523681640625, 0.030517578125, 0.1668294221162796, 0.00732421875, 0.0018310548039153218, 0.0018310548039153218, 0.00732421875, 0.0018310548039153218, 0.0018310548039153218, 0.00732421875, 0.0018310548039153218
1, 1601583608, 4, 5, 0.0, 0.0, 20.875, 32.0, 26.741601943969727, 23.1875, 22.8125, 4.014543533325195, 0.311279296875, 4.4192728996276855, 0.5523681640625, 0.030517578125, 0.164794921875, 0.00732421875, 0.0018310548039153218, 0.0018310548039153218, 0.00732421875, 0.0018310548039153218, 0.0018310548039153218, 0.00732421875, 0.0018310548039153218
1, 1601583848, 4, 5, 0.0, 0.0, 20.875, 32.599998474121094, 26.741601943969727, 23.125, 22.8125, 4.019222259521484, 0.3082275390625, 4.423952102661133, 0.55084228515625, 0.030517578125, 0.164794921875, 0.00732421875, 0.0018310548039153218, 0.0018310548039153218, 0.00732421875, 0.0018310548039153218, 0.0018310548039153218, 0.00732421875, 0.0018310548039153218
1, 1601583968, 4, 5, 0.0, 0.0, 20.875, 32.599998474121094, 26.741601943969727, 23.125, 22.8125, 4.019222259521484, 0.3143310546875, 4.423952102661133, 0.55084228515625, 0.030517578125, 0.1688639372587204, 0.009765625, 0.0018310548039153218, 0.0018310548039153218, 0.00732421875, 0.0018310548039153218, 0.0018310548039153218, 0.009765625, 0.0018310548039153218
1, 1601584088, 4, 5, 0.0, 0.0, 20.875, 32.599998474121094, 26.569671630859375, 23.125, 22.8125, 4.019222259521484, 0.3448486328125, 4.42161226272583, 0.55084228515625, 0.030517578125, 0.1912434846162796, 0.00732421875, 0.0018310548039153218, 0.0018310548039153218, 0.00732421875, 0.0018310548039153218, 0.0018310548039153218, 0.00732421875, 0.0024414064828306437
1, 1601584208, 4, 5, 0.0, 0.0, 20.8125, 32.599998474121094, 26.569671630859375, 23.125, 22.8125, 4.026240825653076, 0.3082275390625, 4.426291465759277, 0.54931640625, 0.030517578125, 0.1627604216337204, 0.00732421875, 0.0018310548039153218, 0.0018310548039153218, 0.00732421875, 0.0018310548039153218, 0.0018310548039153218, 0.00732421875, 0.0018310548039153218
1, 1601584328, 4, 5, 0.0004833984421566129, 0.0, 20.8125, 32.0, 26.569671630859375, 23.125, 22.8125, 4.026240825653076, 0.3143310546875, 4.423952102661133, 0.54931640625, 0.030517578125, 0.1688639372587204, 0.00732421875, 0.0018310548039153218, 0.0018310548039153218, 0.00732421875, 0.0018310548039153218, 0.0018310548039153218, 0.00732421875, 0.0018310548039153218
1, 1601584568, 4, 5, 0.0, 0.0, 20.8125, 32.599998474121094, 26.569671630859375, 23.0625, 22.75, 4.030919551849365, 0.3082275390625, 4.428630828857422, 0.5462646484375, 0.030517578125, 0.164794921875, 0.00732421875, 0.0018310548039153218, 0.0018310548039153218, 0.00732421875, 0.0018310548039153218, 0.0018310548039153218, 0.00732421875, 0.0018310548039153218
1, 1601584688, 4, 5, 0.0009667968843132257, 0.0, 20.8125, 32.0, 26.741601943969727, 23.0625, 22.75, 4.033259391784668, 0.3143310546875, 4.428630828857422, 0.54779052734375, 0.0325520820915699, 0.1688639372587204, 0.00732421875, 0.0018310548039153218, 0.0018310548039153218, 0.00732421875, 0.0018310548039153218, 0.0018310548039153218, 0.00732421875, 0.0018310548039153218
1, 1601584809, 4, 5, 0.0, 0.0, 20.8125, 32.599998474121094, 26.569671630859375, 23.0625, 22.75, 4.0355987548828125, 0.3143310546875, 4.428630828857422, 0.5462646484375, 0.030517578125, 0.1688639372587204, 0.009765625, 0.0018310548039153218, 0.0018310548039153218, 0.00732421875, 0.0018310548039153218, 0.0018310548039153218, 0.00732421875, 0.0018310548039153218
1, 1601584929, 4, 5, 0.0012890625512227416, 0.0, 20.8125, 32.0, 26.569671630859375, 23.0625, 22.75, 4.037938117980957, 0.30517578125, 4.430970191955566, 0.54473876953125, 0.030517578125, 0.1627604216337204, 0.009765625, 0.0018310548039153218, 0.0018310548039153218, 0.00732421875, 0.0018310548039153218, 0.0018310548039153218, 0.00732421875, 0.0018310548039153218
1, 1601585049, 4, 5, 0.0, 0.0, 20.8125, 32.0, 26.569671630859375, 23.0625, 22.75, 4.037938117980957, 0.3143310546875, 4.430970191955566, 0.54473876953125, 0.0325520820915699, 0.1688639372587204, 0.009765625, 0.0018310548039153218, 0.0018310548039153218, 0.00732421875, 0.0018310548039153218, 0.0018310548039153218, 0.00732421875, 0.0018310548039153218
1, 1601585169, 4, 5, 0.0, 0.0, 20.75, 32.599998474121094, 26.569671630859375, 23.0625, 22.6875, 4.040277481079102, 0.311279296875, 4.433310031890869, 0.543212890625, 0.030517578125, 0.1668294221162796, 0.009765625, 0.0018310548039153218, 0.0018310548039153218, 0.00732421875, 0.0018310548039153218, 0.0018310548039153218, 0.00732421875, 0.0018310548039153218
1, 1601585409, 4, 5, 0.0, 0.0, 20.75, 31.5, 26.569671630859375, 23.0, 22.6875, 4.044956684112549, 0.311279296875, 4.435649394989014, 0.54168701171875, 0.030517578125, 0.1688639372587204, 0.00732421875, 0.0018310548039153218, 0.0018310548039153218, 0.00732421875, 0.0018310548039153218, 0.0018310548039153218, 0.00732421875, 0.0018310548039153218
1, 1601585529, 4, 5, 0.0012890625512227416, 0.0, 20.75, 32.0, 26.569671630859375, 23.0, 22.6875, 4.047296047210693, 0.311279296875, 4.437988758087158, 0.5401611328125, 0.030517578125, 0.1668294221162796, 0.00732421875, 0.0018310548039153218, 0.0024414064828306437, 0.00732421875, 0.0018310548039153218, 0.0018310548039153218, 0.00732421875, 0.0018310548039153218
1, 1601585649, 4, 5, 0.0, 0.0, 20.75, 32.0, 26.569671630859375, 23.0, 22.6875, 4.049635410308838, 0.30517578125, 4.437988758087158, 0.53863525390625, 0.030517578125, 0.164794921875, 0.00732421875, 0.0018310548039153218, 0.0018310548039153218, 0.00732421875, 0.0018310548039153218, 0.0018310548039153218, 0.00732421875, 0.0018310548039153218
1, 1601585769, 4, 5, 0.0004833984421566129, 0.0, 20.75, 31.5, 26.397741317749023, 23.0, 22.625, 4.051975250244141, 0.3143310546875, 4.440328121185303, 0.53863525390625, 0.030517578125, 0.1708984375, 0.00732421875, 0.0018310548039153218, 0.0018310548039153218, 0.00732421875, 0.0018310548039153218, 0.0018310548039153218, 0.00732421875, 0.0018310548039153218
1, 1601585890, 4, 5, 0.0, 0.0, 20.75, 32.0, 26.397741317749023, 23.0, 22.625, 4.054314613342285, 0.3021240234375, 4.4426679611206055, 0.537109375, 0.030517578125, 0.1627604216337204, 0.00732421875, 0.0018310548039153218, 0.0018310548039153218, 0.00732421875, 0.0018310548039153218, 0.0018310548039153218, 0.00732421875, 0.0018310548039153218
1, 1601586010, 4, 5, 0.0, 0.0, 20.75, 32.0, 26.397741317749023, 22.9375, 22.625, 4.05665397644043, 0.311279296875, 4.4426679611206055, 0.53558349609375, 0.0325520820915699, 0.1668294221162796, 0.00732421875, 0.0018310548039153218, 0.0018310548039153218, 0.00732421875, 0.0018310548039153218, 0.0018310548039153218, 0.00732421875, 0.0018310548039153218
1, 1601586250, 4, 5, 0.0, 0.0, 20.75, 31.5, 26.397741317749023, 22.9375, 22.625, 4.061332702636719, 0.30517578125, 4.4473466873168945, 0.5340576171875, 0.030517578125, 0.164794921875, 0.00732421875, 0.0018310548039153218, 0.0018310548039153218, 0.00732421875, 0.0018310548039153218, 0.0018310548039153218, 0.00732421875, 0.0018310548039153218
1, 1601586370, 4, 5, 0.0, 0.0, 20.75, 32.0, 26.397741317749023, 22.9375, 22.625, 4.0636725425720215, 0.3082275390625, 4.449686050415039, 0.53253173828125, 0.030517578125, 0.1668294221162796, 0.009765625, 0.0018310548039153218, 0.0018310548039153218, 0.00732421875, 0.0018310548039153218, 0.0018310548039153218, 0.00732421875, 0.0018310548039153218
1, 1601586490, 4, 5, 0.0, 0.0, 20.75, 31.5, 26.397741317749023, 22.9375, 22.5625, 4.066011905670166, 0.311279296875, 4.449686050415039, 0.53253173828125, 0.030517578125, 0.1688639372587204, 0.00732421875, 0.0018310548039153218, 0.0018310548039153218, 0.00732421875, 0.0018310548039153218, 0.0018310548039153218, 0.00732421875, 0.0018310548039153218
1, 1601586610, 4, 5, 0.0, 0.0, 20.6875, 32.0, 26.397741317749023, 22.875, 22.5625, 4.0683512687683105, 0.30517578125, 4.452025890350342, 0.52947998046875, 0.030517578125, 0.1627604216337204, 0.00732421875, 0.0018310548039153218, 0.0024414064828306437, 0.009765625, 0.0018310548039153218, 0.0018310548039153218, 0.00732421875, 0.0018310548039153218
1, 1601586730, 4, 5, 0.0, 0.0, 20.6875, 32.0, 26.397741317749023, 22.875, 22.5625, 4.070690631866455, 0.3082275390625, 4.454365253448486, 0.52947998046875, 0.030517578125, 0.1688639372587204, 0.00732421875, 0.0018310548039153218, 0.0018310548039153218, 0.00732421875, 0.0018310548039153218, 0.0018310548039153218, 0.009765625, 0.0018310548039153218
1, 1601586971, 4, 5, 0.0, 0.0, 20.6875, 32.0, 26.397741317749023, 22.875, 22.5625, 4.075369834899902, 0.30517578125, 4.459043979644775, 0.52642822265625, 0.030517578125, 0.164794921875, 0.00732421875, 0.0018310548039153218, 0.0018310548039153218, 0.00732421875, 0.0018310548039153218, 0.0024414064828306437, 0.009765625, 0.0018310548039153218
1, 1601587091, 4, 5, 0.0012890625512227416, 0.0, 20.75, 31.5, 26.397741317749023, 22.875, 22.5625, 4.077709197998047, 0.3082275390625, 4.459043979644775, 0.52642822265625, 0.030517578125, 0.1688639372587204, 0.00732421875, 0.0018310548039153218, 0.0018310548039153218, 0.00732421875, 0.0018310548039153218, 0.0018310548039153218, 0.00732421875, 0.0018310548039153218
1, 1601587211, 4, 5, 0.0, 0.0, 20.75, 32.0, 26.397741317749023, 22.875, 22.5625, 4.077709197998047, 0.3082275390625, 4.461383819580078, 0.52490234375, 0.030517578125, 0.1688639372587204, 0.00732421875, 0.0018310548039153218, 0.0024414064828306437, 0.00732421875, 0.0018310548039153218, 0.0018310548039153218, 0.00732421875, 0.0018310548039153218
1, 1601587331, 4, 5, 0.0, 0.0, 20.6875, 32.599998474121094, 26.225811004638672, 22.8125, 22.5, 4.080048561096191, 0.3326416015625, 4.461383819580078, 0.52490234375, 0.030517578125, 0.1851399689912796, 0.00732421875, 0.0018310548039153218, 0.0018310548039153218, 0.00732421875, 0.0018310548039153218, 0.0018310548039153218, 0.00732421875, 0.0018310548039153218
1, 1601587451, 4, 5, 0.0, 0.0, 20.75, 31.5, 26.397741317749023, 22.8125, 22.5, 4.082388401031494, 0.311279296875, 4.463723182678223, 0.5218505859375, 0.030517578125, 0.1688639372587204, 0.00732421875, 0.0018310548039153218, 0.0018310548039153218, 0.009765625, 0.0018310548039153218, 0.0018310548039153218, 0.00732421875, 0.0018310548039153218
1, 1601587571, 4, 5, 0.0, 0.0, 20.6875, 32.0, 26.225811004638672, 22.8125, 22.5, 4.084727764129639, 0.3082275390625, 4.466062545776367, 0.5218505859375, 0.030517578125, 0.1668294221162796, 0.00732421875, 0.0018310548039153218, 0.0018310548039153218, 0.00732421875, 0.0018310548039153218, 0.0018310548039153218, 0.00732421875, 0.0018310548039153218
1, 1601587691, 4, 5, 0.0, 0.0, 20.6875, 32.0, 26.397741317749023, 22.8125, 22.5, 4.087067127227783, 0.30517578125, 4.468401908874512, 0.518798828125, 0.030517578125, 0.164794921875, 0.00732421875, 0.0018310548039153218, 0.0024414064828306437, 0.00732421875, 0.0018310548039153218, 0.0018310548039153218, 0.00732421875, 0.0018310548039153218
1, 1601587811, 4, 5, 0.0, 0.0, 20.6875, 32.599998474121094, 21.58370018005371, 22.8125, 22.5, 4.089406490325928, 0.3082275390625, 4.468401908874512, 0.518798828125, 0.030517578125, 0.1688639372587204, 0.00732421875, 0.0018310548039153218, 0.0018310548039153218, 0.00732421875, 0.0018310548039153218, 0.0024414064828306437, 0.00732421875, 0.0018310548039153218
1, 1601588051, 4, 5, 0.0, 0.0, 20.6875, 32.0, 26.225811004638672, 22.8125, 22.5, 4.094085693359375, 0.311279296875, 4.473081111907959, 0.5157470703125, 0.030517578125, 0.1688639372587204, 0.00732421875, 0.0018310548039153218, 0.0018310548039153218, 0.00732421875, 0.0018310548039153218, 0.0018310548039153218, 0.00732421875, 0.0018310548039153218
1, 1601588172, 4, 5, 0.0, 0.0, 20.6875, 31.5, 26.225811004638672, 22.8125, 22.4375, 4.0964250564575195, 0.3082275390625, 4.4754204750061035, 0.51422119140625, 0.030517578125, 0.1688639372587204, 0.009765625, 0.0018310548039153218, 0.0018310548039153218, 0.00732421875, 0.0018310548039153218, 0.0018310548039153218, 0.009765625, 0.0018310548039153218
1, 1601588292, 4, 5, 0.0, 0.0, 20.6875, 31.5, 26.397741317749023, 22.75, 22.4375, 4.098764419555664, 0.3082275390625, 4.4754204750061035, 0.5126953125, 0.0325520820915699, 0.1668294221162796, 0.00732421875, 0.0018310548039153218, 0.0018310548039153218, 0.00732421875, 0.0018310548039153218, 0.0018310548039153218, 0.00732421875, 0.0018310548039153218
1, 1601588412, 4, 5, 0.0, 0.0, 20.6875, 32.0, 26.225811004638672, 22.75, 22.4375, 4.101104259490967, 0.3021240234375, 4.477759838104248, 0.51116943359375, 0.030517578125, 0.164794921875, 0.00732421875, 0.0018310548039153218, 0.0018310548039153218, 0.00732421875, 0.0018310548039153218, 0.0018310548039153218, 0.009765625, 0.0018310548039153218
1, 1601588532, 4, 5, 0.0014501953264698386, 0.0, 20.6875, 32.599998474121094, 26.225811004638672, 22.75, 22.4375, 4.101104259490967, 0.3082275390625, 4.480099201202393, 0.51116943359375, 0.030517578125, 0.1688639372587204, 0.00732421875, 0.0018310548039153218, 0.0018310548039153218, 0.00732421875, 0.0018310548039153218, 0.0018310548039153218, 0.00732421875, 0.0018310548039153218
1, 1601588652, 4, 5, 0.0, 0.0, 20.6875, 32.599998474121094, 26.225811004638672, 22.75, 22.4375, 4.103443622589111, 0.3082275390625, 4.482439041137695, 0.5096435546875, 0.030517578125, 0.1688639372587204, 0.00732421875, 0.0018310548039153218, 0.0018310548039153218, 0.00732421875, 0.0018310548039153218, 0.0018310548039153218, 0.00732421875, 0.0018310548039153218
1, 1601588772, 4, 5, 0.0012890625512227416, 0.0, 20.6875, 32.0, 26.225811004638672, 22.75, 22.4375, 4.1081223487854, 0.299072265625, 4.48477840423584, 0.506591796875, 0.030517578125, 0.1627604216337204, 0.00732421875, 0.0018310548039153218, 0.0018310548039153218, 0.00732421875, 0.0018310548039153218, 0.0024414064828306437, 0.00732421875, 0.0018310548039153218
1, 1601588892, 4, 5, 0.0009667968843132257, 0.0, 20.6875, 31.5, 26.225811004638672, 22.75, 22.375, 4.1081223487854, 0.30517578125, 4.487117767333984, 0.506591796875, 0.0325520820915699, 0.1668294221162796, 0.009765625, 0.0018310548039153218, 0.0018310548039153218, 0.00732421875, 0.0018310548039153218, 0.0018310548039153218, 0.00732421875, 0.0018310548039153218
1, 1601589012, 4, 5, 0.0006445312756113708, 0.0, 20.625, 32.0, 26.05388069152832, 22.6875, 22.375, 4.110462188720703, 0.3021240234375, 4.487117767333984, 0.50506591796875, 0.030517578125, 0.1668294221162796, 0.009765625, 0.0018310548039153218, 0.0018310548039153218, 0.009765625, 0.0018310548039153218, 0.0018310548039153218, 0.00732421875, 0.0018310548039153218
1, 1601589252, 4, 5, 0.0, 0.0, 20.625, 32.599998474121094, 26.225811004638672, 22.6875, 22.375, 4.115140914916992, 0.30517578125, 4.491796970367432, 0.50201416015625, 0.030517578125, 0.1668294221162796, 0.00732421875, 0.0018310548039153218, 0.0018310548039153218, 0.00732421875, 0.0024414064828306437, 0.0024414064828306437, 0.00732421875, 0.0018310548039153218
1, 1601589373, 4, 5, 0.0017724609933793545, 0.0, 20.625, 31.5, 26.225811004638672, 22.6875, 22.375, 4.117480278015137, 0.30517578125, 4.494136333465576, 0.50201416015625, 0.030517578125, 0.1688639372587204, 0.00732421875, 0.0018310548039153218, 0.0018310548039153218, 0.00732421875, 0.0018310548039153218, 0.0018310548039153218, 0.00732421875, 0.0018310548039153218
1, 1601589493, 4, 5, 0.0, 0.0, 20.625, 32.0, 26.225811004638672, 22.625, 22.3125, 4.119819641113281, 0.299072265625, 4.496475696563721, 0.49896240234375, 0.030517578125, 0.1627604216337204, 0.009765625, 0.0018310548039153218, 0.0018310548039153218, 0.00732421875, 0.0018310548039153218, 0.0018310548039153218, 0.00732421875, 0.0018310548039153218
1, 1601589613, 4, 5, 0.0, 0.0, 20.625, 32.0, 26.225811004638672, 22.625, 22.3125, 4.122159481048584, 0.30517578125, 4.496475696563721, 0.49896240234375, 0.030517578125, 0.1688639372587204, 0.009765625, 0.0018310548039153218, 0.0018310548039153218, 0.00732421875, 0.0018310548039153218, 0.0018310548039153218, 0.009765625, 0.0018310548039153218
1, 1601589733, 4, 5, 0.0, 0.0, 20.625, 32.0, 26.05388069152832, 22.625, 22.3125, 4.1244988441467285, 0.2960205078125, 4.501154899597168, 0.494384765625, 0.030517578125, 0.1607259064912796, 0.009765625, 0.0018310548039153218, 0.0018310548039153218, 0.009765625, 0.0018310548039153218, 0.0018310548039153218, 0.00732421875, 0.0018310548039153218
1, 1601589853, 4, 5, 0.0, 0.0, 20.625, 32.0, 26.05388069152832, 22.625, 22.3125, 4.1244988441467285, 0.3021240234375, 4.501154899597168, 0.494384765625, 0.030517578125, 0.1668294221162796, 0.009765625, 0.0018310548039153218, 0.0018310548039153218, 0.00732421875, 0.0018310548039153218, 0.0024414064828306437, 0.00732421875, 0.0018310548039153218
1, 1601589973, 4, 5, 0.0016113281017169356, 0.0, 20.5625, 32.0, 26.05388069152832, 22.625, 22.3125, 4.126838207244873, 0.3021240234375, 4.5034942626953125, 0.49285888671875, 0.030517578125, 0.164794921875, 0.00732421875, 0.0018310548039153218, 0.0018310548039153218, 0.00732421875, 0.0018310548039153218, 0.0018310548039153218, 0.00732421875, 0.0018310548039153218
1, 1601590093, 4, 5, 0.0, 0.0, 20.625, 32.0, 26.05388069152832, 22.5625, 22.25, 4.13151741027832, 0.299072265625, 4.505833625793457, 0.4913330078125, 0.030517578125, 0.1627604216337204, 0.00732421875, 0.0018310548039153218, 0.0018310548039153218, 0.00732421875, 0.0018310548039153218, 0.0018310548039153218, 0.00732421875, 0.0018310548039153218
1, 1601590213, 4, 5, 0.0003222656378056854, 0.0, 20.5625, 32.0, 26.05388069152832, 22.5625, 22.25, 4.13151741027832, 0.3021240234375, 4.508172988891602, 0.48980712890625, 0.030517578125, 0.1668294221162796, 0.009765625, 0.0024414064828306437, 0.0018310548039153218, 0.00732421875, 0.0018310548039153218, 0.0018310548039153218, 0.00732421875, 0.0018310548039153218
1, 1601590333, 4, 5, 0.0012890625512227416, 0.0, 20.5625, 32.0, 26.05388069152832, 22.5625, 22.25, 4.133856773376465, 0.30517578125, 4.508172988891602, 0.48828125, 0.030517578125, 0.1668294221162796, 0.00732421875, 0.0018310548039153218, 0.0018310548039153218, 0.00732421875, 0.0018310548039153218, 0.0018310548039153218, 0.00732421875, 0.0018310548039153218
1, 1601590454, 4, 5, 0.0019335937686264515, 0.0, 20.5625, 31.5, 26.05388069152832, 22.5625, 22.25, 4.136196136474609, 0.29296875, 4.512852191925049, 0.48675537109375, 0.030517578125, 0.1607259064912796, 0.00732421875, 0.0018310548039153218, 0.0018310548039153218, 0.00732421875, 0.0024414064828306437, 0.0018310548039153218, 0.00732421875, 0.0018310548039153218
1, 1601590574, 4, 5, 0.0, 0.0, 20.5625, 32.0, 26.05388069152832, 22.5, 22.1875, 4.138535499572754, 0.3021240234375, 4.512852191925049, 0.4852294921875, 0.030517578125, 0.1668294221162796, 0.00732421875, 0.0018310548039153218, 0.0018310548039153218, 0.00732421875, 0.0018310548039153218, 0.0018310548039153218, 0.00732421875, 0.0018310548039153218
1, 1601590694, 4, 5, 0.0006445312756113708, 0.0, 20.5625, 32.0, 25.88195037841797, 22.5, 22.1875, 4.140875339508057, 0.3021240234375, 4.515191555023193, 0.48370361328125, 0.0325520820915699, 0.164794921875, 0.00732421875, 0.0018310548039153218, 0.0018310548039153218, 0.00732421875, 0.0018310548039153218, 0.0018310548039153218, 0.00732421875, 0.0018310548039153218
1, 1601590934, 4, 5, 0.0, 0.0, 20.5625, 32.0, 25.88195037841797, 22.5, 22.1875, 4.143214702606201, 0.3021240234375, 4.519870758056641, 0.482177734375, 0.030517578125, 0.1668294221162796, 0.00732421875, 0.0018310548039153218, 0.0018310548039153218, 0.00732421875, 0.0018310548039153218, 0.0018310548039153218, 0.00732421875, 0.0018310548039153218
1, 1601591054, 4, 5, 0.0, 0.0, 20.5625, 31.5, 25.88195037841797, 22.4375, 22.125, 4.082388401031494, 0.3021240234375, 4.522210121154785, 0.48065185546875, 0.030517578125, 0.1668294221162796, 0.00732421875, 0.0018310548039153218, 0.0018310548039153218, 0.00732421875, 0.0018310548039153218, 0.0018310548039153218, 0.00732421875, 0.0018310548039153218
1, 1601591174, 4, 5, 0.0, 0.0, 20.5625, 32.0, 25.88195037841797, 22.4375, 22.125, 4.150233268737793, 0.29296875, 4.52454948425293, 0.47760009765625, 0.030517578125, 0.1607259064912796, 0.00732421875, 0.0018310548039153218, 0.0018310548039153218, 0.00732421875, 0.0018310548039153218, 0.0018310548039153218, 0.009765625, 0.0018310548039153218
1, 1601591294, 4, 5, 0.0, 0.0, 20.5625, 32.0, 25.88195037841797, 22.4375, 22.125, 4.150233268737793, 0.299072265625, 4.526888847351074, 0.47760009765625, 0.030517578125, 0.1668294221162796, 0.00732421875, 0.0018310548039153218, 0.0018310548039153218, 0.00732421875, 0.0018310548039153218, 0.0018310548039153218, 0.00732421875, 0.0018310548039153218
1, 1601591534, 4, 5, 0.0, 0.0, 20.5625, 32.0, 25.88195037841797, 22.4375, 22.125, 4.157251358032227, 0.29296875, 4.5315680503845215, 0.4730224609375, 0.030517578125, 0.1627604216337204, 0.00732421875, 0.0018310548039153218, 0.0018310548039153218, 0.009765625, 0.0018310548039153218, 0.0018310548039153218, 0.00732421875, 0.0018310548039153218
1, 1601591655, 4, 5, 0.0001611328189028427, 0.0, 20.5625, 32.0, 25.710020065307617, 22.375, 22.0625, 4.154911994934082, 0.3173828125, 4.529228210449219, 0.4730224609375, 0.030517578125, 0.1790364533662796, 0.00732421875, 0.0018310548039153218, 0.0018310548039153218, 0.00732421875, 0.0018310548039153218, 0.0018310548039153218, 0.00732421875, 0.0018310548039153218
1, 1601591775, 4, 5, 0.0001611328189028427, 0.0, 20.5625, 31.5, 25.88195037841797, 22.375, 22.0625, 4.159591197967529, 0.299072265625, 4.533907413482666, 0.47149658203125, 0.030517578125, 0.1668294221162796, 0.00732421875, 0.0018310548039153218, 0.0018310548039153218, 0.00732421875, 0.0018310548039153218, 0.0018310548039153218, 0.009765625, 0.0018310548039153218
1, 1601591895, 4, 5, 0.0, 0.0, 20.5, 31.5, 25.88195037841797, 22.375, 22.0625, 4.161930561065674, 0.2899169921875, 4.5362467765808105, 0.46844482421875, 0.030517578125, 0.1607259064912796, 0.00732421875, 0.0018310548039153218, 0.0018310548039153218, 0.00732421875, 0.0018310548039153218, 0.0018310548039153218, 0.00732421875, 0.0018310548039153218
1, 1601592015, 4, 5, 0.0, 0.0, 20.5625, 31.5, 25.88195037841797, 22.375, 22.0625, 4.161930561065674, 0.2960205078125, 4.538586139678955, 0.46844482421875, 0.030517578125, 0.164794921875, 0.00732421875, 0.0018310548039153218, 0.0018310548039153218, 0.00732421875, 0.0018310548039153218, 0.0018310548039153218, 0.00732421875, 0.0018310548039153218
1, 1601592255, 4, 5, 0.0019335937686264515, 0.0, 20.5, 32.599998474121094, 25.88195037841797, 22.375, 22.0625, 4.168949127197266, 0.2899169921875, 4.543265342712402, 0.4638671875, 0.030517578125, 0.1607259064912796, 0.00732421875, 0.0018310548039153218, 0.0018310548039153218, 0.00732421875, 0.0018310548039153218, 0.0018310548039153218, 0.00732421875, 0.0018310548039153218
1, 1601592375, 4, 5, 0.0, 0.0, 20.5625, 32.0, 25.710020065307617, 22.375, 22.0625, 4.168949127197266, 0.2960205078125, 4.545604705810547, 0.4638671875, 0.030517578125, 0.164794921875, 0.00732421875, 0.0018310548039153218, 0.0018310548039153218, 0.00732421875, 0.0018310548039153218, 0.0018310548039153218, 0.00732421875, 0.0018310548039153218
1, 1601592495, 4, 5, 0.0014501953264698386, 0.0, 20.5625, 31.5, 25.710020065307617, 22.3125, 22.0625, 4.17128849029541, 0.299072265625, 4.547944068908691, 0.4608154296875, 0.030517578125, 0.1668294221162796, 0.00732421875, 0.0018310548039153218, 0.0018310548039153218, 0.00732421875, 0.0018310548039153218, 0.0018310548039153218, 0.00732421875, 0.0018310548039153218
1, 1601592615, 4, 5, 0.0, 0.0, 20.5, 32.0, 25.710020065307617, 22.3125, 22.0, 4.173627853393555, 0.2899169921875, 4.550283908843994, 0.45928955078125, 0.030517578125, 0.1607259064912796, 0.00732421875, 0.0018310548039153218, 0.0024414064828306437, 0.009765625, 0.0018310548039153218, 0.0024414064828306437, 0.00732421875, 0.0018310548039153218
1, 1601592856, 4, 5, 0.0011279296595603228, 0.0, 20.5, 32.0, 25.710020065307617, 22.3125, 22.0, 4.175967216491699, 0.2960205078125, 4.554962635040283, 0.45623779296875, 0.030517578125, 0.164794921875, 0.00732421875, 0.0018310548039153218, 0.0018310548039153218, 0.00732421875, 0.0018310548039153218, 0.0018310548039153218, 0.00732421875, 0.0018310548039153218
1, 1601592976, 4, 5, 0.0, 0.0, 20.5, 31.5, 25.710020065307617, 22.3125, 22.0, 4.178306579589844, 0.29296875, 4.557301998138428, 0.4547119140625, 0.030517578125, 0.1627604216337204, 0.009765625, 0.0018310548039153218, 0.0018310548039153218, 0.00732421875, 0.0018310548039153218, 0.0018310548039153218, 0.00732421875, 0.0018310548039153218
1, 1601593096, 4, 5, 0.0, 0.0, 20.5, 31.5, 25.710020065307617, 22.25, 21.9375, 4.1806464195251465, 0.2960205078125, 4.5596418380737305, 0.45318603515625, 0.030517578125, 0.164794921875, 0.00732421875, 0.0018310548039153218, 0.0018310548039153218, 0.00732421875, 0.0018310548039153218, 0.0018310548039153218, 0.00732421875, 0.0018310548039153218
1, 1601593216, 4, 5, 0.0012890625512227416, 0.0, 20.5, 31.5, 25.710020065307617, 22.25, 21.9375, 4.182985782623291, 0.2899169921875, 4.5643205642700195, 0.45013427734375, 0.030517578125, 0.1627604216337204, 0.00732421875, 0.0018310548039153218, 0.0018310548039153218, 0.00732421875, 0.0018310548039153218, 0.0018310548039153218, 0.009765625, 0.0018310548039153218
1, 1601593336, 4, 5, 0.0, 0.0, 20.5, 32.0, 25.710020065307617, 22.25, 21.9375, 4.1853251457214355, 0.2960205078125, 4.566659927368164, 0.4486083984375, 0.030517578125, 0.164794921875, 0.00732421875, 0.0018310548039153218, 0.0018310548039153218, 0.00732421875, 0.0018310548039153218, 0.0018310548039153218, 0.00732421875, 0.0018310548039153218
1, 1601593456, 4, 5, 0.0, 0.0, 20.5, 31.5, 25.5380916595459, 22.25, 21.9375, 4.1853251457214355, 0.299072265625, 4.571339130401611, 0.445556640625, 0.030517578125, 0.1668294221162796, 0.00732421875, 0.0018310548039153218, 0.0018310548039153218, 0.00732421875, 0.0018310548039153218, 0.0018310548039153218, 0.00732421875, 0.0018310548039153218
1, 1601593576, 4, 5, 0.0, 0.0, 20.5, 32.0, 25.710020065307617, 22.1875, 21.9375, 4.190004348754883, 0.286865234375, 4.5760178565979, 0.4425048828125, 0.030517578125, 0.15869140625, 0.00732421875, 0.0018310548039153218, 0.0018310548039153218, 0.00732421875, 0.0018310548039153218, 0.0018310548039153218, 0.00732421875, 0.0018310548039153218
1, 1601593816, 4, 5, 0.0008056640508584678, 0.0, 20.5, 32.0, 25.710020065307617, 22.1875, 21.875, 4.190004348754883, 0.29296875, 4.587715148925781, 0.433349609375, 0.030517578125, 0.164794921875, 0.00732421875, 0.0018310548039153218, 0.0018310548039153218, 0.00732421875, 0.0018310548039153218, 0.0018310548039153218, 0.00732421875, 0.0018310548039153218
1, 1601593937, 4, 5, 0.0, 0.0, 20.5, 31.5, 25.5380916595459, 22.1875, 21.875, 4.192343711853027, 0.2899169921875, 4.606431007385254, 0.41961669921875, 0.030517578125, 0.1607259064912796, 0.00732421875, 0.0018310548039153218, 0.0018310548039153218, 0.00732421875, 0.0018310548039153218, 0.0018310548039153218, 0.00732421875, 0.0018310548039153218
1, 1601594057, 4, 5, 0.0, 0.0, 20.5, 32.599998474121094, 25.5380916595459, 22.1875, 21.875, 4.192343711853027, 0.29296875, 4.613449573516846, 0.41351318359375, 0.030517578125, 0.164794921875, 0.00732421875, 0.0018310548039153218, 0.0018310548039153218, 0.00732421875, 0.0018310548039153218, 0.0018310548039153218, 0.00732421875, 0.0018310548039153218
1, 1601594177, 4, 5, 0.0, 0.0, 20.4375, 31.5, 25.710020065307617, 22.1875, 21.875, 4.192343711853027, 0.2960205078125, 4.6204681396484375, 0.40740966796875, 0.030517578125, 0.1668294221162796, 0.00732421875, 0.0018310548039153218, 0.0018310548039153218, 0.00732421875, 0.0018310548039153218, 0.0018310548039153218, 0.00732421875, 0.0018310548039153218
1, 1601594297, 4, 5, 0.0017724609933793545, 0.0, 20.4375, 32.0, 25.5380916595459, 22.125, 21.8125, 4.192343711853027, 0.286865234375, 4.646202087402344, 0.390625, 0.030517578125, 0.1607259064912796, 0.009765625, 0.0024414064828306437, 0.0018310548039153218, 0.00732421875, 0.0018310548039153218, 0.0018310548039153218, 0.00732421875, 0.0018310548039153218
1, 1601594417, 4, 5, 0.0012890625512227416, 0.0, 20.5, 32.0, 25.5380916595459, 22.125, 21.8125, 4.192343711853027, 0.2960205078125, 4.646202087402344, 0.38909912109375, 0.030517578125, 0.164794921875, 0.00732421875, 0.0024414064828306437, 0.0018310548039153218, 0.00732421875, 0.0018310548039153218, 0.0018310548039153218, 0.00732421875, 0.0018310548039153218
1, 1601594657, 4, 5, 0.0, 0.0, 20.4375, 32.0, 25.5380916595459, 22.125, 21.8125, 4.192343711853027, 0.2899169921875, 4.664917945861816, 0.3753662109375, 0.030517578125, 0.1607259064912796, 0.00732421875, 0.0018310548039153218, 0.0018310548039153218, 0.00732421875, 0.0018310548039153218, 0.0018310548039153218, 0.00732421875, 0.0018310548039153218
1, 1601594777, 4, 5, 0.0019335937686264515, 0.0, 20.4375, 31.5, 25.5380916595459, 22.125, 21.8125, 4.192343711853027, 0.2960205078125, 4.667257785797119, 0.37384033203125, 0.030517578125, 0.164794921875, 0.00732421875, 0.0018310548039153218, 0.0018310548039153218, 0.00732421875, 0.0018310548039153218, 0.0018310548039153218, 0.009765625, 0.0018310548039153218
1, 1601594897, 4, 5, 0.0, 0.0, 20.4375, 31.5, 25.5380916595459, 22.125, 21.8125, 4.192343711853027, 0.2960205078125, 4.678955078125, 0.3662109375, 0.030517578125, 0.1668294221162796, 0.00732421875, 0.0018310548039153218, 0.0018310548039153218, 0.00732421875, 0.0018310548039153218, 0.0018310548039153218, 0.00732421875, 0.0018310548039153218
1, 1601595017, 4, 5, 0.0012890625512227416, 0.0, 20.4375, 31.5, 25.5380916595459, 22.125, 21.8125, 4.192343711853027, 0.286865234375, 4.697670936584473, 0.35400390625, 0.030517578125, 0.15869140625, 0.00732421875, 0.0018310548039153218, 0.0018310548039153218, 0.00732421875, 0.0018310548039153218, 0.0018310548039153218, 0.00732421875, 0.0018310548039153218
1, 1601595138, 4, 5, 0.0, 0.0, 20.4375, 32.0, 25.5380916595459, 22.0625, 21.75, 4.194683074951172, 0.2960205078125, 4.688313007354736, 0.35858154296875, 0.030517578125, 0.164794921875, 0.009765625, 0.0018310548039153218, 0.0018310548039153218, 0.00732421875, 0.0018310548039153218, 0.0018310548039153218, 0.00732421875, 0.0018310548039153218
1, 1601595378, 4, 5, 0.0, 0.0, 20.4375, 31.5, 25.5380916595459, 22.0625, 21.75, 4.194683074951172, 0.2899169921875, 4.716386795043945, 0.34027099609375, 0.030517578125, 0.1607259064912796, 0.00732421875, 0.0018310548039153218, 0.0024414064828306437, 0.00732421875, 0.0018310548039153218, 0.0018310548039153218, 0.00732421875, 0.0018310548039153218
1, 1601595498, 4, 5, 0.0, 0.0, 20.4375, 32.0, 25.366161346435547, 22.0625, 21.75, 4.192343711853027, 0.2960205078125, 4.714046955108643, 0.34027099609375, 0.030517578125, 0.1668294221162796, 0.00732421875, 0.0018310548039153218, 0.0018310548039153218, 0.00732421875, 0.0018310548039153218, 0.0018310548039153218, 0.00732421875, 0.0018310548039153218
1, 1601595618, 4, 5, 0.0019335937686264515, 0.0, 20.4375, 31.5, 25.366161346435547, 22.0625, 21.75, 4.192343711853027, 0.2960205078125, 4.716386795043945, 0.34027099609375, 0.030517578125, 0.1668294221162796, 0.00732421875, 0.0018310548039153218, 0.0018310548039153218, 0.00732421875, 0.0018310548039153218, 0.0018310548039153218, 0.00732421875, 0.0018310548039153218
1, 1601595738, 4, 5, 0.0, 0.0, 20.4375, 32.0, 25.366161346435547, 22.0625, 21.75, 4.192343711853027, 0.286865234375, 4.730423450469971, 0.32806396484375, 0.030517578125, 0.1607259064912796, 0.00732421875, 0.0018310548039153218, 0.0024414064828306437, 0.00732421875, 0.0018310548039153218, 0.0018310548039153218, 0.00732421875, 0.0018310548039153218
1, 1601595858, 4, 5, 0.0, 0.0, 20.4375, 32.0, 25.366161346435547, 22.0, 21.6875, 4.192343711853027, 0.2960205078125, 4.725744724273682, 0.33111572265625, 0.030517578125, 0.164794921875, 0.00732421875, 0.0018310548039153218, 0.0018310548039153218, 0.00732421875, 0.0018310548039153218, 0.0018310548039153218, 0.00732421875, 0.0018310548039153218
1, 1601595978, 4, 5, 0.0012890625512227416, 0.0, 20.4375, 32.0, 25.366161346435547, 22.0, 21.6875, 4.192343711853027, 0.29296875, 4.730423450469971, 0.32806396484375, 0.0325520820915699, 0.164794921875, 0.00732421875, 0.0018310548039153218, 0.0018310548039153218, 0.00732421875, 0.0018310548039153218, 0.0018310548039153218, 0.009765625, 0.0018310548039153218
1, 1601596098, 4, 5, 0.0, 0.0, 20.4375, 32.0, 25.366161346435547, 22.0, 21.6875, 4.192343711853027, 0.2899169921875, 4.739781379699707, 0.3204345703125, 0.030517578125, 0.1607259064912796, 0.00732421875, 0.0018310548039153218, 0.0018310548039153218, 0.00732421875, 0.0018310548039153218, 0.0018310548039153218, 0.009765625, 0.0018310548039153218
1, 1601596339, 4, 5, 0.0, 0.0, 20.4375, 32.0, 25.366161346435547, 22.0, 21.6875, 4.192343711853027, 0.2960205078125, 4.735102653503418, 0.323486328125, 0.030517578125, 0.1668294221162796, 0.00732421875, 0.0018310548039153218, 0.0018310548039153218, 0.009765625, 0.0018310548039153218, 0.0018310548039153218, 0.00732421875, 0.0018310548039153218
1, 1601596459, 4, 5, 0.0, 0.0, 20.375, 32.0, 25.366161346435547, 22.0, 21.6875, 4.192343711853027, 0.2899169921875, 4.753818511962891, 0.311279296875, 0.030517578125, 0.1607259064912796, 0.00732421875, 0.0018310548039153218, 0.0024414064828306437, 0.00732421875, 0.0018310548039153218, 0.0018310548039153218, 0.00732421875, 0.0018310548039153218
1, 1601596579, 4, 5, 0.0009667968843132257, 0.0, 20.375, 32.0, 25.366161346435547, 22.0, 21.6875, 4.192343711853027, 0.29296875, 4.746799945831299, 0.31585693359375, 0.0325520820915699, 0.1668294221162796, 0.009765625, 0.0018310548039153218, 0.0018310548039153218, 0.00732421875, 0.0018310548039153218, 0.0018310548039153218, 0.00732421875, 0.0018310548039153218
1, 1601596699, 4, 5, 0.0, 0.0, 20.4375, 31.5, 25.366161346435547, 21.9375, 21.625, 4.194683074951172, 0.29296875, 4.751478672027588, 0.31280517578125, 0.030517578125, 0.164794921875, 0.00732421875, 0.0018310548039153218, 0.0024414064828306437, 0.009765625, 0.0018310548039153218, 0.0018310548039153218, 0.00732421875, 0.0018310548039153218
1, 1601596819, 4, 5, 0.0016113281017169356, 0.0, 20.375, 31.5, 25.366161346435547, 21.9375, 21.625, 4.192343711853027, 0.2899169921875, 4.75849723815918, 0.3082275390625, 0.030517578125, 0.1607259064912796, 0.009765625, 0.0018310548039153218, 0.0018310548039153218, 0.00732421875, 0.0018310548039153218, 0.0018310548039153218, 0.00732421875, 0.0024414064828306437
1, 1601596939, 4, 5, 0.0006445312756113708, 0.0, 20.375, 31.5, 25.366161346435547, 21.9375, 21.625, 4.192343711853027, 0.29296875, 4.753818511962891, 0.30975341796875, 0.030517578125, 0.164794921875, 0.00732421875, 0.0018310548039153218, 0.0018310548039153218, 0.00732421875, 0.0018310548039153218, 0.0018310548039153218, 0.00732421875, 0.0024414064828306437
1, 1601597059, 4, 5, 0.0017724609933793545, 0.0, 20.375, 31.5, 25.366161346435547, 21.9375, 21.625, 4.192343711853027, 0.2960205078125, 4.756157875061035, 0.311279296875, 0.030517578125, 0.1668294221162796, 0.00732421875, 0.0018310548039153218, 0.0018310548039153218, 0.00732421875, 0.0018310548039153218, 0.0018310548039153218, 0.009765625, 0.0018310548039153218
1, 1601597299, 4, 5, 0.0012890625512227416, 0.0, 20.4375, 32.0, 25.366161346435547, 21.9375, 21.625, 4.192343711853027, 0.2960205078125, 4.763175964355469, 0.30517578125, 0.0325520820915699, 0.164794921875, 0.009765625, 0.0018310548039153218, 0.0018310548039153218, 0.00732421875, 0.0018310548039153218, 0.0018310548039153218, 0.00732421875, 0.0018310548039153218
1, 1601597420, 4, 5, 0.0014501953264698386, 0.0, 20.4375, 31.5, 25.366161346435547, 21.9375, 21.625, 4.192343711853027, 0.29296875, 4.7655158042907715, 0.3021240234375, 0.030517578125, 0.1627604216337204, 0.00732421875, 0.0018310548039153218, 0.0018310548039153218, 0.009765625, 0.0018310548039153218, 0.0018310548039153218, 0.00732421875, 0.0018310548039153218
1, 1601597540, 4, 5, 0.0017724609933793545, 0.0, 20.375, 31.5, 25.366161346435547, 21.9375, 21.625, 4.192343711853027, 0.2899169921875, 4.772533893585205, 0.29754638671875, 0.030517578125, 0.1607259064912796, 0.00732421875, 0.0018310548039153218, 0.0018310548039153218, 0.00732421875, 0.0018310548039153218, 0.0018310548039153218, 0.009765625, 0.0024414064828306437
1, 1601597660, 4, 5, 0.0, 0.0, 20.4375, 31.5, 25.366161346435547, 21.9375, 21.625, 4.192343711853027, 0.29296875, 4.767855167388916, 0.3021240234375, 0.030517578125, 0.164794921875, 0.009765625, 0.0018310548039153218, 0.0018310548039153218, 0.00732421875, 0.0018310548039153218, 0.0018310548039153218, 0.00732421875, 0.0018310548039153218
1, 1601597780, 4, 5, 0.0, 0.0, 20.375, 31.5, 25.366161346435547, 21.9375, 21.625, 4.192343711853027, 0.2960205078125, 4.7701945304870605, 0.30059814453125, 0.030517578125, 0.1668294221162796, 0.00732421875, 0.0018310548039153218, 0.0018310548039153218, 0.00732421875, 0.0018310548039153218, 0.0024414064828306437, 0.009765625, 0.0018310548039153218
1, 1601597900, 4, 5, 0.0001611328189028427, 0.0, 20.375, 31.5, 25.194231033325195, 21.9375, 21.625, 4.192343711853027, 0.286865234375, 4.779552459716797, 0.29144287109375, 0.030517578125, 0.15869140625, 0.00732421875, 0.0018310548039153218, 0.0018310548039153218, 0.00732421875, 0.0018310548039153218, 0.0018310548039153218, 0.00732421875, 0.0018310548039153218
1, 1601598020, 4, 5, 0.0, 0.0, 20.375, 31.5, 25.194231033325195, 21.9375, 21.5625, 4.192343711853027, 0.2960205078125, 4.7701945304870605, 0.299072265625, 0.030517578125, 0.164794921875, 0.00732421875, 0.0018310548039153218, 0.0024414064828306437, 0.00732421875, 0.0024414064828306437, 0.0018310548039153218, 0.00732421875, 0.0018310548039153218
1, 1601598140, 4, 5, 0.0009667968843132257, 0.0, 20.375, 31.5, 25.366161346435547, 21.875, 21.5625, 4.192343711853027, 0.29296875, 4.774873733520508, 0.2960205078125, 0.030517578125, 0.164794921875, 0.009765625, 0.0018310548039153218, 0.0018310548039153218, 0.00732421875, 0.0018310548039153218, 0.0018310548039153218, 0.00732421875, 0.0018310548039153218
1, 1601598260, 4, 5, 0.0, 0.0, 20.375, 32.0, 25.366161346435547, 21.875, 21.5625, 4.194683074951172, 0.2899169921875, 4.772533893585205, 0.29754638671875, 0.030517578125, 0.1607259064912796, 0.00732421875, 0.0018310548039153218, 0.0018310548039153218, 0.00732421875, 0.0018310548039153218, 0.0018310548039153218, 0.00732421875, 0.0018310548039153218
1, 1601598380, 4, 5, 0.0009667968843132257, 0.0, 20.375, 31.5, 25.194231033325195, 21.875, 21.5625, 4.192343711853027, 0.29296875, 4.772533893585205, 0.29754638671875, 0.030517578125, 0.164794921875, 0.00732421875, 0.0018310548039153218, 0.0024414064828306437, 0.00732421875, 0.0018310548039153218, 0.0018310548039153218, 0.00732421875, 0.0018310548039153218
1, 1601598501, 4, 5, 0.0, 0.0, 20.375, 31.5, 25.366161346435547, 21.875, 21.5625, 4.192343711853027, 0.2960205078125, 4.772533893585205, 0.29754638671875, 0.030517578125, 0.1668294221162796, 0.00732421875, 0.0018310548039153218, 0.0018310548039153218, 0.009765625, 0.0018310548039153218, 0.0018310548039153218, 0.00732421875, 0.0018310548039153218
1, 1601598621, 4, 5, 0.0, 0.0, 20.375, 32.0, 25.366161346435547, 21.875, 21.5625, 4.192343711853027, 0.286865234375, 4.781891822814941, 0.2899169921875, 0.030517578125, 0.15869140625, 0.00732421875, 0.0024414064828306437, 0.0018310548039153218, 0.009765625, 0.0018310548039153218, 0.0018310548039153218, 0.00732421875, 0.0018310548039153218
1, 1601598741, 4, 5, 0.0012890625512227416, 0.0, 20.375, 31.5, 25.194231033325195, 21.875, 21.5625, 4.194683074951172, 0.2960205078125, 4.777213096618652, 0.29449462890625, 0.030517578125, 0.164794921875, 0.00732421875, 0.0018310548039153218, 0.0018310548039153218, 0.00732421875, 0.0018310548039153218, 0.0018310548039153218, 0.00732421875, 0.0018310548039153218
1, 1601598861, 4, 5, 0.0, 0.0, 20.375, 31.5, 25.194231033325195, 21.875, 21.5625, 4.192343711853027, 0.2960205078125, 4.774873733520508, 0.2960205078125, 0.030517578125, 0.1668294221162796, 0.00732421875, 0.0018310548039153218, 0.0018310548039153218, 0.00732421875, 0.0018310548039153218, 0.0018310548039153218, 0.00732421875, 0.0018310548039153218
1, 1601598981, 4, 5, 0.0, 0.0, 20.375, 31.5, 25.366161346435547, 21.875, 21.5625, 4.192343711853027, 0.2899169921875, 4.784231662750244, 0.28839111328125, 0.030517578125, 0.1627604216337204, 0.00732421875, 0.0018310548039153218, 0.0018310548039153218, 0.00732421875, 0.0018310548039153218, 0.0018310548039153218, 0.00732421875, 0.0018310548039153218
1, 1601599101, 4, 5, 0.0012890625512227416, 0.0, 20.375, 31.5, 25.194231033325195, 21.875, 21.5625, 4.192343711853027, 0.2960205078125, 4.779552459716797, 0.29296875, 0.030517578125, 0.164794921875, 0.009765625, 0.0018310548039153218, 0.0018310548039153218, 0.00732421875, 0.0018310548039153218, 0.0018310548039153218, 0.00732421875, 0.0018310548039153218
1, 1601599221, 4, 5, 0.0004833984421566129, 0.0, 20.375, 32.0, 25.194231033325195, 21.875, 21.5625, 4.194683074951172, 0.2960205078125, 4.779552459716797, 0.29296875, 0.030517578125, 0.1668294221162796, 0.00732421875, 0.0018310548039153218, 0.0018310548039153218, 0.00732421875, 0.0018310548039153218, 0.0018310548039153218, 0.009765625, 0.0018310548039153218
1, 1601599341, 4, 5, 0.0003222656378056854, 0.0, 20.375, 31.5, 25.366161346435547, 21.875, 21.5625, 4.194683074951172, 0.286865234375, 4.786571025848389, 0.286865234375, 0.030517578125, 0.1607259064912796, 0.00732421875, 0.0018310548039153218, 0.0018310548039153218, 0.00732421875, 0.0018310548039153218, 0.0024414064828306437, 0.00732421875, 0.0018310548039153218
